%%MatrixMarket vector coordinate real general
256
1   5.91543021402083993299e-02
2   5.87094841140914855404e-02
3   5.88884889992354887411e-02
4   5.96913434908580842198e-02
5   5.97171384726065263004e-02
6   5.97064262381145904879e-02
7   5.98449942275730423225e-02
8   5.93361025397581287599e-02
9   5.94475116705803635631e-02
10   5.97685965110763134378e-02
11   6.01554432139397715629e-02
12   6.01301072397877958697e-02
13   6.07822801507242257979e-02
14   6.12521790410414795902e-02
15   6.14748006895634510616e-02
16   6.14631422544312452927e-02
17   6.21903684282943333694e-02
18   6.18254021306204951114e-02
19   6.26272588390048845497e-02
20   6.32285403272292295673e-02
21   6.45728443224413833912e-02
22   6.35822853200422311026e-02
23   6.37161439686509817326e-02
24   6.43925058851607945432e-02
25   6.53862367189987220284e-02
26   6.60459567227142524404e-02
27   6.83280661465251876185e-02
28   6.87266793629940642152e-02
29   6.91597095878895146148e-02
30   7.01783634765522634780e-02
31   7.06242650045065117892e-02
32   7.10643690164541180776e-02
33   7.22808876699112534681e-02
34   7.29632798556801021039e-02
35   7.33486215393675256013e-02
36   7.30704482816542377766e-02
37   7.46200776566544182744e-02
38   7.55935056834927399105e-02
39   7.52708036388283763252e-02
40   7.56629329268772576889e-02
41   7.49867012326247417420e-02
42   7.41002226978439981764e-02
43   7.43819887819853337030e-02
44   7.54766554003938328066e-02
45   7.67473241145518320083e-02
46   7.65116084612555424904e-02
47   7.58889938684319254047e-02
48   7.44981000035687263017e-02
49   7.34870998495013999507e-02
50   7.29115131877689920392e-02
51   7.24772690254794627052e-02
52   7.13587047016858155857e-02
53   7.15439777978387897450e-02
54   6.88425881401308614738e-02
55   6.74453707083899345331e-02
56   6.61406889756414317905e-02
57   6.63323742321759585172e-02
58   6.56003487010463487428e-02
59   6.51091123565134682893e-02
60   6.39164859453846129211e-02
61   6.36977094609109117940e-02
62   6.38386862229476242936e-02
63   6.22591134750199795556e-02
64   6.11185484714690599461e-02
65   5.93920325584494854243e-02
66   5.79222103226209178439e-02
67   5.78617276714284145545e-02
68   5.81849305593437060580e-02
69   5.99922550584313027389e-02
70   6.09597900035197676205e-02
71   6.12342009181160301656e-02
72   6.10433048718335771743e-02
73   6.15672945133327598199e-02
74   6.21637321013735408282e-02
75   6.41966130320308081547e-02
76   6.52206623790654582695e-02
77   6.68175114678124237866e-02
78   6.76011507278901219165e-02
79   6.68883216114091738724e-02
80   6.69903463251412950585e-02
81   6.62964321477861606713e-02
82   6.60314508746598916034e-02
83   6.36665707766328470285e-02
84   6.23190584042368558859e-02
85   6.16598210256031967202e-02
86   5.89014973346566259038e-02
87   5.75427379850630277280e-02
88   5.71572598715775759270e-02
89   5.64128522653625924521e-02
90   5.47145010479878762810e-02
91   5.40967856440993793976e-02
92   5.38041454493022180960e-02
93   5.37323320361101711140e-02
94   5.33418836179200550607e-02
95   5.40908661719240319021e-02
96   5.37093332881097354492e-02
97   5.40756760351978824075e-02
98   5.44888579923823515583e-02
99   5.61156323386175284740e-02
100   5.77049056853768185804e-02
101   6.02623310579600349191e-02
102   6.02806505024420027916e-02
103   6.01276302140505980454e-02
104   5.98005588581787608793e-02
105   6.07261087096523863305e-02
106   6.17351934738708182926e-02
107   6.15498827770383227787e-02
108   6.12874388066974862266e-02
109   6.20828871406755092299e-02
110   6.33106872810250409511e-02
111   6.31765274187566366892e-02
112   6.41375430326737439035e-02
113   6.41875128274110168247e-02
114   6.44288895451805565529e-02
115   6.40957847960867133086e-02
116   6.36110977561112622691e-02
117   6.51765468621202659349e-02
118   6.53104149397885636041e-02
119   6.46481936367408333011e-02
120   6.55803687765495885165e-02
121   6.63103863076974081592e-02
122   6.64313727883221738502e-02
123   6.69079605647391328915e-02
124   6.83058692784303533863e-02
125   6.83014551126518015822e-02
126   6.97101646503270333532e-02
127   7.00209018724021331481e-02
128   7.02495753047558679771e-02
129   6.90831543217013122060e-02
130   6.92535760773620306940e-02
131   6.92497564267507692559e-02
132   6.94421651233112641188e-02
133   6.97535180788760034165e-02
134   6.84371042619066199952e-02
135   6.81805106423550438821e-02
136   6.89369026804343282278e-02
137   6.86616312365245090588e-02
138   6.84338615546937756307e-02
139   6.74331824154261461057e-02
140   6.70930464086797878620e-02
141   6.64866770640178544882e-02
142   6.63757514594906228300e-02
143   6.42476980580247297725e-02
144   6.31175720697956521565e-02
145   6.58881774333387459919e-02
146   6.86461147866826576491e-02
147   6.98395674391555781879e-02
148   7.12832373733516405645e-02
149   7.19992060384535281781e-02
150   7.27998416561381617162e-02
151   7.45988471012556941808e-02
152   7.73583986308835347412e-02
153   7.81554395742788260426e-02
154   7.84917283564029316656e-02
155   7.86659133725033932194e-02
156   7.78136586498990867611e-02
157   7.78201171184594309160e-02
158   7.70240641267515152579e-02
159   7.67431832556977194804e-02
160   7.67992432734052182797e-02
161   7.68839584758344157800e-02
162   7.81894778042065419221e-02
163   7.79355490195427630384e-02
164   7.65906817818506474582e-02
165   7.56591705569695793798e-02
166   7.66741362246396163105e-02
167   7.65014151873555092731e-02
168   7.57313533798178450951e-02
169   7.68409669123536892554e-02
170   7.60617086903038058798e-02
171   7.56281212693709903316e-02
172   7.63238285174906300190e-02
173   7.73546426673835940679e-02
174   7.83270095583610825862e-02
175   7.79015557196135466356e-02
176   7.75156676586186144107e-02
177   7.83485100335209877498e-02
178   7.77432074588144533811e-02
179   7.68365095995677815921e-02
180   7.61587522248041298711e-02
181   7.57970926456423832462e-02
182   7.32514085845741153014e-02
183   7.25922793241450675650e-02
184   7.19337892098061981727e-02
185   7.00886566364476715219e-02
186   7.02806492637643304144e-02
187   7.12446445465688693588e-02
188   6.97619864847337095570e-02
189   6.85512992661948955542e-02
190   6.64488062756851821655e-02
191   6.56423048680329773719e-02
192   6.50188468850796119636e-02
193   6.55466786120028621632e-02
194   6.45876769339957523819e-02
195   6.36106642975714647870e-02
196   6.28888527608044978212e-02
197   6.24475280241389707481e-02
198   6.21930619909141224610e-02
199   6.29073405850958389252e-02
200   6.14036809822898210776e-02
201   6.03745146262262416537e-02
202   6.02335579285072086897e-02
203   5.93047653032211935509e-02
204   5.80547320588431364774e-02
205   5.89512427683345011098e-02
206   5.81546155503173609058e-02
207   5.81056838328196309518e-02
208   5.75560870752369752035e-02
209   5.75329604415995357614e-02
210   5.77770401177001569071e-02
211   5.78956694396644752643e-02
212   5.68314878181320551342e-02
213   5.61583368052716094820e-02
214   5.46374832411213040562e-02
215   5.30019938419493616411e-02
216   5.21206565662385226667e-02
217   4.93618646992733806078e-02
218   4.75168793364547856206e-02
219   4.69997082804232482744e-02
220   4.65329005335266346344e-02
221   4.55215041732258338114e-02
222   4.35717337775759772089e-02
223   3.99251086520657216816e-02
224   3.76956335006082554617e-02
225   3.74550813612540070552e-02
226   3.75727811085737814500e-02
227   3.57684952914511869460e-02
228   3.39877245294418900423e-02
229   3.26103404852195466468e-02
230   3.20994812759314226969e-02
231   3.21578350763833259451e-02
232   3.13259582256018506707e-02
233   3.02639487826575903640e-02
234   2.95728677123343816624e-02
235   2.91103657576271615537e-02
236   2.98385979007425340692e-02
237   3.12187851340143263101e-02
238   2.94373262488123524361e-02
239   2.81508184584804942163e-02
240   2.79485399109039751864e-02
241   2.70780160241660440568e-02
242   2.50319090547325671936e-02
243   2.52749962601424432718e-02
244   2.47405465446947150920e-02
245   2.43104768387871171542e-02
246   2.38887021046471463570e-02
247   2.33132260833093761521e-02
248   2.29846727492576986818e-02
249   2.24087297678619394581e-02
250   2.20335764453093198301e-02
251   2.14479400840842555909e-02
252   2.12226399542245237895e-02
253   2.11502034819790636633e-02
254   2.03310577775084148910e-02
255   1.98722191925131547174e-02
256   1.87614036278290520487e-02
